Carro ID;Origem (x,y);Destino (x,y);Entrada;Saida;Total
1;(17,26);(26,16);15:54:37;15:54:43;6
2;(26,13);(17,5);15:54:38;15:54:43;5
3;(5,15);(16,5);15:54:38;15:54:50;12
4;(15,5);(26,15);15:54:38;15:54:53;15
6;(17,26);(26,16);15:54:44;15:54:55;11
7;(17,26);(26,16);15:54:50;15:54:56;6
5;(16,26);(5,14);15:54:43;15:54:59;16
9;(14,5);(5,13);15:54:55;15:55:01;6
8;(26,13);(17,5);15:54:53;15:55:04;11
12;(26,13);(17,5);15:55:01;15:55:06;5
10;(26,14);(15,26);15:54:56;15:55:09;13
13;(17,26);(26,16);15:55:04;15:55:10;6
11;(5,15);(26,15);15:54:59;15:55:14;15
15;(5,16);(14,26);15:55:09;15:55:15;6
14;(26,13);(17,5);15:55:07;15:55:16;9
16;(15,5);(15,26);15:55:10;15:55:17;7
17;(26,13);(17,5);15:55:14;15:55:19;5
18;(26,14);(5,14);15:55:15;15:55:21;6
19;(17,26);(26,16);15:55:16;15:55:22;6
20;(5,16);(14,26);15:55:17;15:55:23;6
23;(5,16);(14,26);15:55:22;15:55:27;5
22;(26,13);(17,5);15:55:21;15:55:28;7
24;(26,13);(17,5);15:55:22;15:55:28;6
25;(26,13);(17,5);15:55:22;15:55:28;6
33;(14,5);(5,13);15:55:26;15:55:31;5
21;(26,14);(5,14);15:55:19;15:55:32;13
31;(26,14);(15,26);15:55:25;15:55:33;8
36;(26,13);(17,5);15:55:28;15:55:33;5
38;(26,13);(17,5);15:55:28;15:55:34;6
27;(5,16);(14,26);15:55:23;15:55:35;12
30;(5,16);(14,26);15:55:25;15:55:35;10
37;(5,16);(14,26);15:55:28;15:55:35;7
26;(16,26);(5,14);15:55:22;15:55:35;13
28;(16,26);(5,14);15:55:23;15:55:36;13
32;(16,26);(5,14);15:55:25;15:55:36;11
34;(14,5);(5,13);15:55:26;15:55:37;11
35;(14,5);(5,13);15:55:27;15:55:37;10
29;(5,15);(16,5);15:55:23;15:55:38;15
39;(5,15);(16,5);15:55:31;15:55:38;7
42;(5,15);(26,15);15:55:33;15:55:40;7
43;(26,13);(17,5);15:55:34;15:55:40;6
47;(26,13);(17,5);15:55:36;15:55:41;5
40;(15,5);(26,15);15:55:32;15:55:41;9
41;(15,5);(26,15);15:55:33;15:55:42;9
44;(17,26);(26,16);15:55:35;15:55:43;8
50;(15,5);(26,15);15:55:37;15:55:44;7
53;(26,13);(17,5);15:55:38;15:55:44;6
46;(26,14);(5,14);15:55:35;15:55:44;9
48;(26,14);(5,14);15:55:36;15:55:44;8
49;(26,14);(5,14);15:55:36;15:55:45;9
45;(5,16);(14,26);15:55:35;15:55:46;11
51;(16,26);(16,5);15:55:37;15:55:46;9
52;(14,5);(5,13);15:55:38;15:55:47;9
54;(5,15);(26,15);15:55:40;15:55:48;8
56;(16,26);(5,14);15:55:41;15:55:48;7
59;(5,15);(26,15);15:55:43;15:55:50;7
57;(15,5);(26,15);15:55:42;15:55:51;9
65;(26,13);(17,5);15:55:46;15:55:51;5
60;(17,26);(26,16);15:55:44;15:55:51;7
66;(26,13);(17,5);15:55:46;15:55:51;5
61;(17,26);(26,16);15:55:44;15:55:51;7
67;(26,13);(17,5);15:55:47;15:55:52;5
55;(26,14);(15,26);15:55:40;15:55:53;13
62;(26,14);(5,14);15:55:44;15:55:53;9
58;(26,14);(15,26);15:55:42;15:55:53;11
63;(5,16);(14,26);15:55:45;15:55:53;8
64;(5,16);(14,26);15:55:45;15:55:54;9
69;(5,15);(16,5);15:55:48;15:55:56;8
72;(14,5);(5,13);15:55:51;15:55:56;5
71;(26,13);(17,5);15:55:51;15:55:57;6
75;(14,5);(5,13);15:55:52;15:55:57;5
76;(26,13);(17,5);15:55:52;15:55:58;6
68;(15,5);(15,26);15:55:48;15:55:58;10
70;(17,26);(26,16);15:55:50;15:55:59;9
79;(15,5);(26,15);15:55:53;15:56:00;7
81;(17,26);(26,16);15:55:54;15:56:00;6
77;(5,16);(14,26);15:55:53;15:56:01;8
74;(16,26);(16,5);15:55:52;15:56:02;10
82;(5,16);(14,26);15:55:56;15:56:02;6
73;(16,26);(5,14);15:55:51;15:56:02;11
84;(5,16);(14,26);15:55:57;15:56:03;6
83;(14,5);(5,13);15:55:57;15:56:03;6
78;(5,15);(26,15);15:55:53;15:56:04;11
80;(5,15);(16,5);15:55:54;15:56:04;10
86;(5,15);(26,15);15:55:58;15:56:05;7
87;(5,15);(26,15);15:55:58;15:56:05;7
85;(17,26);(26,16);15:55:57;15:56:07;10
88;(26,14);(5,14);15:55:59;15:56:08;9
91;(26,14);(5,14);15:56:02;15:56:08;6
92;(26,14);(15,26);15:56:02;15:56:09;7
89;(5,16);(14,26);15:56:00;15:56:10;10
90;(5,16);(14,26);15:56:00;15:56:10;10
95;(16,26);(16,5);15:56:03;15:56:10;7
98;(5,16);(14,26);15:56:04;15:56:10;6
94;(16,26);(5,14);15:56:03;15:56:11;8
93;(14,5);(5,13);15:56:02;15:56:11;9
96;(16,26);(5,14);15:56:03;15:56:11;8
100;(16,26);(16,5);15:56:05;15:56:11;6
99;(16,26);(5,14);15:56:05;15:56:12;7
97;(15,5);(15,26);15:56:04;15:56:14;10
104;(17,26);(26,16);15:56:09;15:56:15;6
102;(26,14);(5,14);15:56:08;15:56:16;8
105;(15,5);(15,26);15:56:10;15:56:16;6
108;(26,14);(5,14);15:56:11;15:56:17;6
106;(5,16);(14,26);15:56:10;15:56:17;7
112;(17,26);(26,16);15:56:12;15:56:18;6
113;(5,16);(14,26);15:56:12;15:56:18;6
101;(16,26);(5,14);15:56:07;15:56:18;11
110;(16,26);(5,14);15:56:11;15:56:19;8
107;(14,5);(5,13);15:56:10;15:56:19;9
103;(5,15);(26,15);15:56:08;15:56:20;12
109;(5,15);(26,15);15:56:11;15:56:21;10
111;(5,15);(16,5);15:56:12;15:56:21;9
116;(14,5);(5,13);15:56:16;15:56:21;5
118;(26,13);(17,5);15:56:17;15:56:22;5
117;(15,5);(26,15);15:56:17;15:56:23;6
114;(26,14);(5,14);15:56:14;15:56:24;10
115;(26,14);(5,14);15:56:15;15:56:24;9
123;(26,14);(5,14);15:56:19;15:56:25;6
124;(17,26);(26,16);15:56:19;15:56:25;6
120;(5,16);(14,26);15:56:18;15:56:26;8
122;(26,14);(15,26);15:56:18;15:56:26;8
121;(14,5);(5,13);15:56:18;15:56:27;9
128;(5,16);(14,26);15:56:22;15:56:27;5
119;(5,15);(16,5);15:56:18;15:56:28;10
125;(26,13);(17,5);15:56:20;15:56:29;9
127;(26,13);(17,5);15:56:21;15:56:29;8
131;(14,5);(5,13);15:56:24;15:56:29;5
126;(15,5);(15,26);15:56:21;15:56:31;10
133;(26,13);(17,5);15:56:25;15:56:31;6
129;(15,5);(15,26);15:56:23;15:56:31;8
132;(15,5);(26,15);15:56:24;15:56:31;7
130;(26,14);(5,14);15:56:23;15:56:32;9
134;(15,5);(15,26);15:56:26;15:56:32;6
136;(26,14);(15,26);15:56:26;15:56:33;7
137;(5,16);(14,26);15:56:27;15:56:33;6
138;(17,26);(26,16);15:56:28;15:56:33;5
139;(17,26);(26,16);15:56:28;15:56:34;6
135;(14,5);(5,13);15:56:26;15:56:35;9
140;(26,13);(17,5);15:56:29;15:56:37;8
143;(5,15);(16,5);15:56:31;15:56:37;6
150;(14,5);(5,13);15:56:34;15:56:39;5
148;(17,26);(26,16);15:56:33;15:56:39;6
151;(26,13);(17,5);15:56:34;15:56:39;5
149;(17,26);(26,16);15:56:33;15:56:40;7
141;(26,14);(5,14);15:56:29;15:56:40;11
142;(26,14);(5,14);15:56:30;15:56:41;11
144;(26,14);(5,14);15:56:31;15:56:41;10
153;(17,26);(26,16);15:56:35;15:56:41;6
146;(5,16);(14,26);15:56:32;15:56:41;9
145;(16,26);(16,5);15:56:31;15:56:42;11
147;(26,14);(15,26);15:56:32;15:56:42;10
152;(5,15);(16,5);15:56:34;15:56:44;10
154;(26,13);(17,5);15:56:37;15:56:45;8
155;(26,13);(17,5);15:56:37;15:56:45;8
157;(26,13);(17,5);15:56:39;15:56:46;7
161;(26,13);(17,5);15:56:41;15:56:46;5
156;(15,5);(15,26);15:56:39;15:56:46;7
160;(17,26);(26,16);15:56:40;15:56:47;7
163;(15,5);(26,15);15:56:41;15:56:48;7
166;(17,26);(26,16);15:56:42;15:56:48;6
162;(26,14);(15,26);15:56:41;15:56:49;8
158;(5,16);(14,26);15:56:40;15:56:50;10
159;(16,26);(16,5);15:56:40;15:56:50;10
164;(5,16);(14,26);15:56:42;15:56:50;8
167;(16,26);(16,5);15:56:44;15:56:51;7
168;(17,26);(26,16);15:56:45;15:56:51;6
170;(5,16);(14,26);15:56:46;15:56:51;5
165;(5,15);(16,5);15:56:42;15:56:52;10
172;(5,15);(16,5);15:56:47;15:56:53;6
173;(5,16);(14,26);15:56:47;15:56:53;6
175;(15,5);(26,15);15:56:48;15:56:55;7
169;(17,26);(26,16);15:56:45;15:56:55;10
176;(15,5);(15,26);15:56:49;15:56:55;6
178;(26,13);(17,5);15:56:50;15:56:55;5
174;(17,26);(26,16);15:56:48;15:56:56;8
177;(17,26);(26,16);15:56:50;15:56:56;6
171;(26,14);(5,14);15:56:46;15:56:56;10
179;(17,26);(26,16);15:56:50;15:56:56;6
182;(17,26);(26,16);15:56:52;15:56:57;5
180;(16,26);(16,5);15:56:51;15:56:58;7
183;(17,26);(26,16);15:56:52;15:56:58;6
181;(5,15);(26,15);15:56:51;15:57:00;9
187;(14,5);(5,13);15:56:55;15:57:01;6
188;(14,5);(5,13);15:56:56;15:57:01;5
189;(14,5);(5,13);15:56:56;15:57:01;5
185;(15,5);(15,26);15:56:53;15:57:02;9
190;(14,5);(5,13);15:56:56;15:57:02;6
